      0.53      0.653      0.604      0.225     0.0428      0.088     0.0197     0.0059      0.104       0.98    0.00058       3.19      0.793     0.0911     0.0478      0.646       1.33       1.17      0.919        0.2       4.32          0     0.0139      0.679      0.422       4.35      0.101      0.402          0          0       0.67        0.5          0          0
     0.555      0.639        0.6      0.221     0.0517     0.0887     0.0192    0.00906      0.136       0.98    0.00058       3.19       0.95     0.0911     0.0573      0.507       1.33      0.993       1.05        0.2       4.32          0     0.0139      0.718       0.41       6.14      0.116       0.38          0          0      0.502        0.5          0          0
     0.527      0.657      0.595      0.221     0.0431     0.0827     0.0156    0.00647     0.0946      0.969    0.00056       2.84      0.811     0.0932     0.0478      0.604       1.25       1.17      0.836        0.2       4.33          0     0.0125      0.648      0.435       4.96      0.118      0.378          0          0      0.689        0.5          0          0
     0.559        0.6       0.56      0.217     0.0388     0.0514     0.0307     0.0059      0.109       0.98    0.00069       3.19       0.79     0.0911     0.0422      0.843       1.14      0.864      0.725        0.2       4.38          0    0.00993      0.679      0.426        3.4     0.0942      0.402          0          0      0.649        0.5          0          0
     0.504      0.662      0.558      0.216     0.0353     0.0847     0.0177     0.0059      0.109       0.98    0.00058       3.43      0.768     0.0886     0.0401      0.621       1.29       1.17      0.901        0.2       4.18          0     0.0133       0.75      0.386       4.26     0.0931      0.463          0          0       0.75        0.5          0          0
     0.519      0.693      0.565      0.215     0.0438      0.101     0.0283    0.00629     0.0917      0.972    0.00061       3.19      0.778     0.0904     0.0478      0.698       1.44       1.27      0.906        0.2       4.75          0      0.015      0.709      0.401       4.35     0.0974      0.366          0          0      0.658        0.5          0          0
     0.565      0.679      0.598      0.211     0.0496     0.0853     0.0256     0.0066      0.103       0.98    0.00059       3.19      0.819     0.0774     0.0541      0.661       1.45       1.12          1        0.2       3.95          0     0.0116      0.639      0.399       4.76      0.101      0.402          0          0      0.651        0.5          0          0
     0.501      0.632      0.564      0.209     0.0589      0.116     0.0192    0.00825      0.131       0.98    0.00052       3.68      0.873     0.0918     0.0631       0.51       1.46      0.993       1.26        0.2       5.22          0     0.0117      0.826      0.378       6.64      0.111      0.387          0          0      0.616        0.5          0          0
      0.47      0.587      0.546      0.211     0.0504      0.119      0.018    0.00647      0.113       0.98    0.00047        2.6       0.95      0.112     0.0549       0.57        1.2       1.17       1.11        0.2       5.03          0     0.0132      0.644      0.422       3.52      0.118       0.38          0          0      0.626        0.5          0          0
     0.515      0.583      0.537      0.208     0.0464      0.091     0.0238     0.0059      0.104       0.98    0.00055       3.06      0.793     0.0926     0.0513      0.673       1.33       1.17      0.919        0.2       4.49          0     0.0137      0.608      0.414       4.42     0.0963      0.402          0          0      0.705        0.5          0          0
     0.479      0.619      0.538      0.206     0.0437     0.0919     0.0249    0.00591      0.104      0.977    0.00057       3.15      0.796      0.092     0.0478      0.652       1.33       1.18      0.918        0.2       4.33          0     0.0139      0.679      0.422       4.41        0.1      0.398          0          0       0.67        0.5          0          0
     0.514      0.579      0.564      0.203     0.0443     0.0853     0.0202    0.00595      0.104      0.969    0.00062       3.05       0.79     0.0922     0.0478      0.627       1.31       1.12      0.919        0.2       4.32          0     0.0138      0.649       0.42       4.35      0.101      0.402          0          0       0.67        0.5          0          0
     0.479      0.609      0.564      0.202     0.0508      0.093     0.0199    0.00842      0.135       0.98    0.00058          3       0.95     0.0912     0.0546      0.577       1.07       1.07       1.08        0.2       4.14          0     0.0129      0.679      0.479        6.1      0.125      0.423          0          0      0.452        0.5          0          0
     0.464       0.61      0.539      0.203     0.0537      0.095     0.0141    0.00815      0.136      0.971    0.00057       3.19       0.91     0.0893     0.0573      0.474       1.26      0.993       1.05        0.2       4.55          0     0.0148      0.726        0.4        5.5      0.109       0.38          0          0      0.501        0.5          0          0
     0.535       0.61      0.561        0.2      0.028     0.0771     0.0261    0.00622      0.119       0.98    0.00067       2.87      0.594     0.0911     0.0299      0.554       1.42       1.15      0.838        0.2       4.36          0     0.0184       0.76      0.422       4.16      0.101      0.381          0          0      0.711        0.5          0          0
     0.533      0.619      0.552      0.201     0.0527     0.0967     0.0265     0.0116      0.135      0.945    0.00063       3.19       0.95      0.095     0.0558      0.746       1.33       1.05       1.05        0.2       4.32          0     0.0147      0.718       0.47       7.96      0.129      0.265          0          0      0.383        0.5          0          0
     0.465      0.655      0.545      0.201     0.0454     0.0882      0.017      0.006      0.105       0.98    0.00058       3.36      0.748     0.0969     0.0493      0.599       1.13       1.17      0.921        0.2       4.32          0     0.0139      0.731      0.447       4.22      0.101      0.403          0          0      0.644        0.5          0          0
     0.455      0.607      0.542      0.201     0.0483      0.085     0.0207    0.00525     0.0954      0.942    0.00062        2.8       0.95     0.0737     0.0516      0.659      0.808       1.01      0.928        0.2       5.45          0     0.0167      0.786      0.499       4.39      0.101      0.453          0          0      0.699        0.5          0          0
     0.512      0.612      0.557      0.199     0.0527     0.0886     0.0203     0.0087      0.131      0.973    0.00058       3.09       0.95     0.0857     0.0573      0.528       1.27      0.993       1.03        0.2       4.49          0     0.0138        0.7      0.413       6.41      0.123      0.401          0          0      0.473        0.5          0          0
     0.538      0.574      0.565      0.197     0.0364     0.0769     0.0296    0.00609      0.106       0.98    0.00058        3.2      0.816     0.0912     0.0401      0.612       1.84       1.29      0.869        0.2       3.68          0     0.0156      0.714       0.41       4.35     0.0974      0.454          0          0      0.721        0.5          0          0
       0.5      0.594      0.541      0.199     0.0416     0.0833     0.0193    0.00627      0.108       0.98    0.00059       3.16      0.806     0.0843     0.0464      0.662       1.35       1.03      0.986        0.2       4.32          0     0.0127      0.722      0.447       3.97     0.0947       0.42          0          0      0.645        0.5          0          0
     0.512      0.594       0.54      0.199     0.0436     0.0943     0.0229    0.00579      0.102       0.98    0.00057       3.16      0.742     0.0945     0.0479      0.602       1.35       1.17      0.946        0.2       4.41          0     0.0139      0.673      0.432       4.35      0.106      0.402          0          0      0.662        0.5          0          0
     0.493      0.619      0.536      0.199     0.0338     0.0951     0.0195    0.00654     0.0919       0.98    0.00055       3.19      0.804     0.0833     0.0372      0.596       1.32       1.38       0.91        0.2        3.9          0     0.0141      0.679      0.465       4.65     0.0883      0.359          0          0       0.58        0.5          0          0
     0.581      0.634       0.59      0.193     0.0433     0.0908      0.021     0.0059     0.0958      0.964    0.00046       3.74      0.914     0.0911     0.0478      0.589       1.27       1.17      0.942        0.2       4.32          0     0.0132      0.778      0.333       6.33      0.109      0.485          0          0      0.597        0.5          0          0
     0.548      0.617       0.56      0.196     0.0431      0.096     0.0223    0.00544      0.114       0.98    0.00061       3.24      0.746     0.0806     0.0478       0.63       1.24       1.25      0.919        0.2       4.44          0     0.0149      0.613       0.42       4.44      0.101      0.405          0          0      0.695        0.5          0          0
     0.521      0.626      0.542      0.197     0.0431     0.0746     0.0232    0.00625      0.113       0.98    0.00054       3.13      0.781     0.0888     0.0478      0.617       1.45       1.08      0.812        0.2       4.27          0     0.0151      0.679      0.458       4.59     0.0912      0.435          0          0      0.692        0.5          0          0
     0.583      0.612      0.559      0.194     0.0582     0.0819      0.026    0.00906      0.109       0.98    0.00058       3.19      0.818     0.0892     0.0636      0.626       1.51      0.993      0.966        0.2       4.19          0     0.0141      0.718      0.325       5.27      0.105      0.367          0          0      0.504        0.5          0          0
     0.513      0.637      0.545      0.195      0.042     0.0882     0.0233     0.0059      0.102       0.98    0.00059       3.06      0.857     0.0949     0.0456      0.646       1.33       1.15      0.919        0.2       4.32          0     0.0134      0.706      0.416       4.14      0.101      0.439          0          0      0.676        0.5          0          0
     0.486      0.581      0.525      0.197     0.0434     0.0917     0.0116    0.00561      0.112       0.98    0.00058       2.95      0.808      0.101     0.0478      0.497       1.09       1.01       1.02        0.2       4.32          0     0.0138      0.636      0.422       4.35      0.101      0.402          0          0      0.532        0.5          0          0
     0.538      0.621      0.533      0.196     0.0484     0.0894     0.0151    0.00714      0.149       0.98    0.00058       3.19      0.869     0.0911     0.0536      0.469       1.18      0.993       1.12        0.2       4.32          0     0.0119        0.6      0.396       5.48      0.116      0.444          0          0      0.502        0.5          0          0
     0.536      0.549      0.523      0.197     0.0446     0.0854     0.0222    0.00592      0.102      0.976    0.00058       3.21      0.797     0.0904     0.0482      0.646       1.31       1.16      0.919        0.2       4.36          0     0.0139      0.675      0.418       4.35      0.102      0.399          0          0      0.668        0.5          0          0
     0.528      0.561      0.539      0.195     0.0522     0.0916     0.0161    0.00712     0.0857       0.98     0.0005       3.19      0.569      0.116     0.0585      0.506       1.36       1.17      0.898        0.2       4.32          0     0.0161      0.684      0.414       3.37      0.116      0.432          0          0       0.67        0.5          0          0
     0.494      0.629      0.526      0.195     0.0491     0.0827     0.0187      0.009      0.144      0.974    0.00058       3.24      0.911     0.0972     0.0523      0.574       1.26      0.927       1.07        0.2       4.32          0     0.0146      0.773      0.353       6.14       0.11      0.353          0          0      0.512        0.5          0          0
     0.557      0.605      0.575      0.188     0.0558     0.0825     0.0177    0.00841      0.133       0.98    0.00065       3.19       0.95     0.0911     0.0588      0.457       1.34      0.904       1.02        0.2       4.32          0     0.0139      0.671      0.446       5.79      0.116      0.329          0          0      0.561        0.5          0          0
     0.514      0.574      0.527      0.193     0.0452      0.138      0.027    0.00605      0.128       0.98    0.00076       3.31       0.95      0.116     0.0478      0.688       1.83       1.67      0.902        0.2       4.98          0     0.0142      0.679      0.495       5.26      0.125      0.394          0          0       0.67        0.5          0          0
     0.561      0.587      0.536      0.192     0.0362     0.0756      0.029    0.00594     0.0856       0.98    0.00061        3.3      0.731      0.051     0.0406      0.567       1.75       1.22      0.819        0.2       3.67          0     0.0141       0.59      0.335       4.54      0.101      0.414          0          0       0.67        0.5          0          0
     0.477      0.536       0.51      0.194     0.0437     0.0737     0.0263     0.0059     0.0892      0.942    0.00053       3.19       0.95     0.0745     0.0484      0.795       1.33       1.02      0.859        0.2       4.17          0     0.0129      0.679      0.509       3.64     0.0965      0.402          0          0      0.645        0.5          0          0
     0.489      0.564      0.526      0.192      0.044     0.0899     0.0207     0.0059      0.105       0.98    0.00058       3.15       0.79     0.0919     0.0473      0.633       1.31        1.2      0.919        0.2       4.32          0     0.0137      0.679      0.422       4.37      0.102      0.405          0          0      0.679        0.5          0          0
     0.494      0.658      0.534       0.19     0.0484     0.0819     0.0274    0.00697      0.124      0.935    0.00051       3.19      0.724      0.091     0.0514      0.684       1.58        1.1      0.943        0.2       4.32          0      0.013      0.682      0.488       4.35     0.0728      0.378          0          0      0.589        0.5          0          0
     0.453      0.544      0.494      0.194     0.0482     0.0742     0.0295    0.00661      0.127      0.966    0.00038       2.83      0.865      0.118     0.0531      0.756       1.65       1.17      0.862        0.2       3.91          0     0.0156      0.657      0.456        3.6      0.104      0.463          0          0      0.647        0.5          0          0
     0.483      0.617      0.517      0.191     0.0426     0.0918     0.0221    0.00576      0.111      0.972    0.00058       3.29      0.776     0.0879     0.0464      0.646       1.33       1.16      0.994        0.2       4.32          0     0.0134       0.67      0.422       4.39      0.102      0.403          0          0      0.643        0.5          0          0
     0.561      0.661      0.544      0.188     0.0506      0.083     0.0256    0.00515     0.0997       0.98    0.00064       3.29      0.793     0.0911      0.056      0.687       1.39       1.15      0.955        0.2       3.97          0     0.0124      0.491      0.457       4.41      0.101      0.402          0          0       0.67        0.5          0          0
     0.524      0.663      0.525      0.189     0.0416     0.0794     0.0315    0.00639      0.106       0.98    0.00056       2.25      0.768     0.0889      0.045      0.636       1.62       1.12       0.86        0.2       4.32          0     0.0149      0.717      0.422       3.93       0.11      0.402          0          0      0.654        0.5          0          0
     0.458      0.595      0.527      0.188     0.0443     0.0953       0.03     0.0059      0.115       0.98    0.00052       3.24      0.721     0.0911     0.0478      0.646       1.38       1.23       0.87        0.2       4.59          0     0.0139      0.776      0.382       4.35      0.118      0.328          0          0      0.545        0.5          0          0
     0.441      0.557      0.529      0.187     0.0543     0.0936     0.0153    0.00431      0.089      0.878    0.00044        3.1      0.793     0.0911     0.0587      0.523       1.33       1.35       1.08        0.2       3.64          0     0.0149      0.733       0.45       3.78      0.101      0.402          0          0      0.655        0.5          0          0
     0.469      0.613      0.528      0.187     0.0501     0.0862     0.0173     0.0087      0.127      0.949    0.00065       3.34      0.938     0.0857     0.0542      0.536       1.27      0.919       1.06        0.2       4.73          0     0.0138      0.664      0.437       6.41      0.136      0.396          0          0      0.456        0.5          0          0
     0.511      0.681      0.549      0.184      0.051      0.087     0.0257    0.00602      0.117       0.98     0.0006       3.32      0.861      0.101     0.0544      0.701       1.39       1.26      0.858        0.2       4.43          0     0.0129      0.679      0.387       4.43      0.104      0.375          0          0       0.67        0.5          0          0
       0.5      0.576      0.519      0.186     0.0498     0.0888     0.0234     0.0059     0.0918       0.98    0.00058       3.36      0.839      0.063     0.0578      0.646       1.13       1.51      0.919        0.2       2.92          0     0.0118        0.9      0.422       5.63      0.145      0.369          0          0      0.504        0.5          0          0
     0.513      0.605      0.512      0.186     0.0532     0.0889     0.0183     0.0088      0.136      0.978    0.00058       3.19      0.926     0.0919     0.0569      0.516       1.32          1       1.05        0.2       4.37          0     0.0139       0.71      0.413       6.23      0.117      0.381          0          0      0.502        0.5          0          0
     0.492      0.543      0.502      0.186     0.0468     0.0908     0.0312    0.00583      0.112       0.97    0.00058       3.57      0.948     0.0832     0.0515      0.727       1.34       1.17      0.864        0.2       4.52          0     0.0139      0.672      0.413       4.22      0.101      0.402          0          0       0.67        0.5          0          0
     0.549        0.6      0.508      0.185     0.0439     0.0782     0.0216    0.00559     0.0948      0.975     0.0007       3.25      0.793     0.0866     0.0478      0.646       1.32       1.08      0.951        0.2       4.03          0     0.0124      0.679      0.498       4.49       0.13       0.35          0          0       0.67        0.5          0          0
     0.499       0.57      0.505      0.185     0.0539     0.0706     0.0202       0.01      0.131      0.979    0.00059       3.68       0.95     0.0903     0.0576      0.528       1.29      0.804       1.01        0.2        4.4          0     0.0137      0.794      0.433       5.49      0.122      0.364          0          0      0.473        0.5          0          0
     0.534      0.679      0.536       0.18     0.0437      0.083     0.0218    0.00584     0.0986      0.967     0.0006       3.19      0.863     0.0934     0.0478      0.633       1.33       1.09      0.943        0.2       4.47          0     0.0138      0.679      0.422       4.57      0.102      0.399          0          0      0.635        0.5          0          0
     0.447      0.536      0.513      0.182     0.0476     0.0728     0.0139    0.00989      0.196      0.932     0.0005          3      0.784      0.098       0.05        0.5       1.01      0.993      0.967        0.2       3.97          0      0.015        0.7      0.401       10.2        0.1      0.504          0          0      0.493        0.5          0          0
     0.464      0.587      0.538      0.178     0.0471     0.0843     0.0219     0.0101      0.136      0.919     0.0008          4      0.915     0.0684     0.0503       0.52       1.42      0.959       1.05        0.2       4.32          0     0.0147       0.73      0.369       6.32      0.119      0.379          0          0      0.526        0.5          0          0
     0.438      0.587      0.503      0.181     0.0571     0.0966     0.0145    0.00839       0.14      0.947    0.00048       3.25      0.878     0.0932     0.0619      0.443       1.36       0.96        1.1        0.2       4.83          0     0.0142      0.718       0.41       6.69      0.116      0.376          0          0      0.502        0.5          0          0
     0.528      0.605      0.506      0.179      0.045     0.0909     0.0205    0.00595      0.103       0.98    0.00058       3.19      0.789     0.0914     0.0478      0.648       1.33       1.17      0.921        0.2       4.33          0      0.014      0.676      0.422       4.32      0.101      0.404          0          0       0.67        0.5          0          0
     0.498      0.536      0.525      0.175     0.0396     0.0803     0.0202     0.0059      0.104      0.965    0.00081        2.6      0.616     0.0698     0.0427      0.594       1.13      0.986       1.05        0.2       4.32          0     0.0104      0.848      0.329       4.35      0.101      0.432          0          0      0.647        0.5          0          0
     0.564      0.594      0.521      0.175     0.0443     0.0578     0.0249    0.00706     0.0821       0.98    0.00043       3.19      0.755     0.0677     0.0518       0.65       1.33       1.03      0.889        0.2        3.1          0     0.0105      0.681      0.422       4.43     0.0916      0.426          0          0      0.709        0.5          0          0
     0.485      0.507      0.508      0.176     0.0394     0.0952      0.024    0.00592      0.121      0.967    0.00066       2.92      0.837     0.0782     0.0431      0.613        1.3       1.29      0.884        0.2       4.32          0     0.0145      0.792      0.498       4.13     0.0902      0.406          0          0      0.668        0.5          0          0
     0.479      0.608      0.507      0.175     0.0525     0.0592     0.0188     0.0112      0.133      0.908    0.00058       3.19       0.95     0.0911     0.0577      0.462       1.56      0.729          1        0.2       4.32          0     0.0139      0.718      0.577       5.43      0.113      0.372          0          0       0.48        0.5          0          0
     0.436      0.639      0.467      0.178      0.044      0.105    0.00911     0.0115      0.141      0.979    0.00053       3.33       0.95     0.0911     0.0454       0.42      0.674      0.993       1.06        0.2       5.97          0     0.0152      0.724      0.471       6.06     0.0945       0.38          0          0      0.384        0.5          0          0
     0.502      0.621      0.543      0.169     0.0396     0.0922     0.0239    0.00597      0.126       0.98    0.00054       3.18      0.568     0.0911     0.0424      0.634       1.57       1.17       1.04        0.2       4.32          0     0.0133      0.679      0.422       5.32      0.103      0.344          0          0      0.755        0.5          0          0
     0.494      0.499      0.473      0.176     0.0425     0.0906     0.0189    0.00658      0.104       0.94    0.00058       3.02      0.793     0.0925     0.0473      0.586        1.2       1.26      0.872        0.2       4.32          0     0.0144       0.63      0.407       3.54      0.102      0.455          0          0      0.567        0.5          0          0
     0.491      0.565      0.478      0.175     0.0565     0.0931     0.0187    0.00916      0.131       0.98    0.00058       3.19       0.95     0.0963     0.0603      0.491       1.33      0.996       1.06        0.2       4.49          0     0.0136      0.649       0.41        6.6      0.121      0.402          0          0      0.478        0.5          0          0
     0.449      0.544       0.49      0.172     0.0531      0.108     0.0146    0.00962      0.134       0.98    0.00058       3.19       0.95     0.0783     0.0573      0.481      0.863       1.19       1.16        0.2       3.99          0     0.0142      0.733      0.379       6.25      0.131      0.367          0          0      0.498        0.5          0          0
     0.457      0.575      0.488      0.171     0.0494     0.0962     0.0125    0.00906      0.129      0.957    0.00063       3.23       0.95     0.0762     0.0523      0.367       1.25      0.993       1.14        0.2       4.32          0     0.0139      0.756       0.41       6.66      0.124      0.331          0          0      0.449        0.5          0          0
     0.506      0.534      0.469      0.173     0.0572     0.0852     0.0143    0.00906      0.149      0.939    0.00069       3.63      0.851     0.0911     0.0631      0.581       1.01       1.11       1.05        0.2       3.61          0     0.0148      0.664      0.472       5.87      0.135      0.398          0          0      0.511        0.5          0          0
     0.475      0.621      0.486      0.169     0.0538      0.095     0.0179    0.00934      0.139       0.98    0.00055       3.19       0.95     0.0912     0.0573      0.499       1.19       1.03       1.06        0.2       4.37          0     0.0139      0.836       0.41       5.35     0.0987       0.38          0          0      0.487        0.5          0          0
     0.502      0.564      0.502      0.167     0.0532      0.103     0.0182    0.00785      0.122       0.98    0.00058       3.11       0.95     0.0911     0.0573      0.475       1.27       1.07       1.08        0.2       4.32          0     0.0135      0.718       0.41       5.91      0.109      0.343          0          0      0.518        0.5          0          0
     0.469      0.615      0.484      0.168      0.053      0.104     0.0147    0.00949      0.174       0.98    0.00075       2.79      0.751     0.0911     0.0573      0.454       1.33       1.27       1.04        0.2       4.32          0     0.0139      0.815      0.487       6.12     0.0889      0.341          0          0      0.448        0.5          0          0
     0.486      0.509      0.465       0.17     0.0452     0.0904     0.0251    0.00574      0.104       0.98    0.00058       3.29      0.779     0.0915     0.0478      0.643       1.36       1.19      0.919        0.2        4.4          0     0.0142      0.679      0.416       4.43      0.101      0.398          0          0      0.668        0.5          0          0
     0.475      0.639      0.522      0.162     0.0551      0.102     0.0161    0.00906      0.151       0.98    0.00052       2.34      0.851      0.103     0.0573      0.507       1.64       1.15       1.01        0.2       4.69          0     0.0126      0.718       0.41       7.13       0.13      0.438          0          0      0.579        0.5          0          0
     0.529      0.561      0.481      0.162     0.0501     0.0788     0.0225     0.0109      0.136      0.951     0.0006       2.16       0.95     0.0906     0.0543      0.602       1.16       1.07      0.777        0.2       4.32          0     0.0152      0.785      0.314       5.31     0.0771      0.409          0          0        0.6        0.5          0          0
     0.493      0.557      0.497      0.158     0.0595     0.0878     0.0199     0.0091      0.132      0.962    0.00059        3.2      0.911     0.0935     0.0617        0.5       1.37       1.04       1.06        0.2       4.21          0     0.0139      0.724      0.412       6.46      0.121      0.379          0          0      0.509        0.5          0          0
     0.458      0.515      0.457      0.159     0.0471     0.0789     0.0135       0.01        0.2      0.937     0.0005          3        0.8        0.1       0.05        0.5          1          1          1        0.2          4          0      0.015        0.7        0.4         10        0.1        0.5          0          0        0.5        0.5          0          0
     0.494      0.568      0.474      0.153     0.0526     0.0972      0.022    0.00918      0.136       0.98    0.00061       3.19       0.95     0.0921     0.0559      0.513       1.34      0.986       1.06        0.2       4.84          0     0.0127      0.669       0.41       6.43      0.118       0.38          0          0      0.502        0.5          0          0
       0.5      0.576      0.455      0.155     0.0562      0.091     0.0233    0.00863       0.13      0.952    0.00058       2.86       0.95     0.0856     0.0619      0.537       1.29          1      0.988        0.2       4.49          0     0.0131      0.709      0.411       5.98      0.123      0.391          0          0      0.473        0.5          0          0
     0.495      0.586      0.474       0.15     0.0426     0.0526     0.0125     0.0106       0.17      0.927    0.00053       2.83      0.808     0.0842     0.0461      0.479       1.09      0.868      0.926        0.2       3.63          0     0.0137      0.647      0.382       10.1     0.0864      0.613          0          0      0.493        0.5          0          0
     0.477      0.522      0.432      0.154     0.0467      0.108     0.0186    0.00873     0.0939      0.966     0.0006       2.62      0.662     0.0911     0.0478      0.517       1.12       1.17       1.03        0.2       4.85          0      0.013      0.712      0.504       5.04       0.11      0.412          0          0      0.607        0.5          0          0
